<!DOCTYPE HTML>
<html>
  <head>
    <meta charset="UTF-8">
    <title>TOMTOM</title>
    <script>
      // @JSON_VAR data
      var data = {
        "program": "Tomtom",
        "version": "4.11.1",
        "release": "Fri Jan 15 12:51:59 2016 -0800",
        "cmd": [
          "tomtom", "-verbosity", "1", "-oc", "dreme_tomtom_out",
          "-min-overlap", "5", "-dist", "pearson", "-evalue", "-thresh", "1",
          "-no-ssc", "-bfile", "./background", "dreme_out/dreme.xml",
          "db/EUKARYOTE/jolma2013.meme",
          "db/JASPAR/JASPAR_CORE_2014_vertebrates.meme",
          "db/MOUSE/uniprobe_mouse.meme"
        ],
        "options": {
          "strands": "both",
          "distance_measure": "pearson",
          "threshold_type": "evalue",
          "threshold_value": 1,
          "background_source": "file",
          "background_file": "./background"
        },
        "alphabet": {
          "name": "DNA",
          "like": "dna",
          "ncore": 4,
          "symbols": [
            {
              "symbol": "A",
              "name": "Adenine",
              "colour": "CC0000",
              "complement": "T"
            }, {
              "symbol": "C",
              "name": "Cytosine",
              "colour": "0000CC",
              "complement": "G"
            }, {
              "symbol": "G",
              "name": "Guanine",
              "colour": "FFB300",
              "complement": "C"
            }, {
              "symbol": "T",
              "aliases": "U",
              "name": "Thymine",
              "colour": "008000",
              "complement": "A"
            }, {
              "symbol": "N",
              "aliases": "X.",
              "name": "Any base",
              "equals": "ACGT"
            }, {
              "symbol": "V",
              "name": "Not T",
              "equals": "ACG"
            }, {
              "symbol": "H",
              "name": "Not G",
              "equals": "ACT"
            }, {
              "symbol": "D",
              "name": "Not C",
              "equals": "AGT"
            }, {
              "symbol": "B",
              "name": "Not A",
              "equals": "CGT"
            }, {
              "symbol": "M",
              "name": "Amino",
              "equals": "AC"
            }, {
              "symbol": "R",
              "name": "Purine",
              "equals": "AG"
            }, {
              "symbol": "W",
              "name": "Weak",
              "equals": "AT"
            }, {
              "symbol": "S",
              "name": "Strong",
              "equals": "CG"
            }, {
              "symbol": "Y",
              "name": "Pyrimidine",
              "equals": "CT"
            }, {
              "symbol": "K",
              "name": "Keto",
              "equals": "GT"
            }
          ]
        },
        "background": [0.2361, 0.2639, 0.2639, 0.2361],
        "query_dbs": [
          {
            "source": "dreme_out/dreme.xml",
            "name": "dreme",
            "loaded": 19,
            "excluded": 0,
            "last_modified": "Wed Mar  9 22:39:45 2016"
          }
        ],
        "target_dbs": [
          {
            "source": "db/EUKARYOTE/jolma2013.meme",
            "name": "jolma2013",
            "loaded": 843,
            "excluded": 0,
            "last_modified": "Tue Dec  8 00:08:34 2015"
          }, {
            "source": "db/JASPAR/JASPAR_CORE_2014_vertebrates.meme",
            "name": "JASPAR CORE 2014 vertebrates",
            "loaded": 205,
            "excluded": 0,
            "last_modified": "Tue Dec  8 00:08:46 2015"
          }, {
            "source": "db/MOUSE/uniprobe_mouse.meme",
            "name": "uniprobe mouse",
            "loaded": 386,
            "excluded": 0,
            "last_modified": "Tue Dec  8 00:14:23 2015"
          }
        ],
        "queries": [
          {
            "db": 0,
            "id": "AAAGCARA",
            "alt": "DREME",
            "len": 8,
            "nsites": 56,
            "evalue": "4.1e-002",
            "pwm": [
              [0.998638, 0.00047041, 0.00047041, 0.000420856], 
              [0.998638, 0.00047041, 0.00047041, 0.000420856], 
              [0.998638, 0.00047041, 0.00047041, 0.000420856], 
              [0.000420856, 0.00047041, 0.998688, 0.000420856], 
              [0.000420856, 0.998688, 0.00047041, 0.000420856], 
              [0.998638, 0.00047041, 0.00047041, 0.000420856], 
              [0.374752, 0.00047041, 0.624356, 0.000420856], 
              [0.998638, 0.00047041, 0.00047041, 0.000420856]
            ]
          }, {
            "db": 0,
            "id": "AAGWGAAA",
            "alt": "DREME",
            "len": 8,
            "nsites": 49,
            "evalue": "4.7e-003",
            "pwm": [
              [0.998444, 0.000537475, 0.000537475, 0.000480855], 
              [0.998444, 0.000537475, 0.000537475, 0.000480855], 
              [0.000480855, 0.000537475, 0.998501, 0.000480855], 
              [0.428179, 0.000537475, 0.000537475, 0.570746], 
              [0.000480855, 0.000537475, 0.998501, 0.000480855], 
              [0.998444, 0.000537475, 0.000537475, 0.000480855], 
              [0.998444, 0.000537475, 0.000537475, 0.000480855], 
              [0.998444, 0.000537475, 0.000537475, 0.000480855]
            ]
          }, {
            "db": 0,
            "id": "ACAGKAA",
            "alt": "DREME",
            "len": 7,
            "nsites": 126,
            "evalue": "1.1e-003",
            "pwm": [
              [0.999394, 0.000209278, 0.000209278, 0.000187232], 
              [0.000187232, 0.999416, 0.000209278, 0.000187232], 
              [0.999394, 0.000209278, 0.000209278, 0.000187232], 
              [0.000187232, 0.000209278, 0.999416, 0.000187232], 
              [0.000187232, 0.000209278, 0.793231, 0.206373], 
              [0.999394, 0.000209278, 0.000209278, 0.000187232], 
              [0.999394, 0.000209278, 0.000209278, 0.000187232]
            ]
          }, {
            "db": 0,
            "id": "ACAKHT",
            "alt": "DREME",
            "len": 6,
            "nsites": 1316,
            "evalue": "1.2e-033",
            "pwm": [
              [0.999942, 2.00517e-05, 2.00517e-05, 1.79394e-05], 
              [1.79394e-05, 0.999944, 2.00517e-05, 1.79394e-05], 
              [0.999942, 2.00517e-05, 2.00517e-05, 1.79394e-05], 
              [1.79394e-05, 2.00517e-05, 0.686138, 0.313824], 
              [0.184654, 0.555449, 2.00517e-05, 0.259876], 
              [1.79394e-05, 2.00517e-05, 2.00517e-05, 0.999942]
            ]
          }, {
            "db": 0,
            "id": "ACATCMT",
            "alt": "DREME",
            "len": 7,
            "nsites": 126,
            "evalue": "9.1e-004",
            "pwm": [
              [0.999394, 0.000209278, 0.000209278, 0.000187232], 
              [0.000187232, 0.999416, 0.000209278, 0.000187232], 
              [0.999394, 0.000209278, 0.000209278, 0.000187232], 
              [0.000187232, 0.000209278, 0.000209278, 0.999394], 
              [0.000187232, 0.999416, 0.000209278, 0.000187232], 
              [0.253954, 0.74565, 0.000209278, 0.000187232], 
              [0.000187232, 0.000209278, 0.000209278, 0.999394]
            ]
          }, {
            "db": 0,
            "id": "ACGYG",
            "alt": "DREME",
            "len": 5,
            "nsites": 347,
            "evalue": "4.4e-005",
            "pwm": [
              [0.99978, 7.603e-05, 7.603e-05, 6.80207e-05], 
              [6.80207e-05, 0.999788, 7.603e-05, 6.80207e-05], 
              [6.80207e-05, 7.603e-05, 0.999788, 6.80207e-05], 
              [6.80207e-05, 0.400537, 7.603e-05, 0.599319], 
              [6.80207e-05, 7.603e-05, 0.999788, 6.80207e-05]
            ]
          }, {
            "db": 0,
            "id": "AGGAARY",
            "alt": "DREME",
            "len": 7,
            "nsites": 837,
            "evalue": "3.4e-072",
            "pwm": [
              [0.999909, 3.15255e-05, 3.15255e-05, 2.82045e-05], 
              [2.82045e-05, 3.15255e-05, 0.999912, 2.82045e-05], 
              [2.82045e-05, 3.15255e-05, 0.999912, 2.82045e-05], 
              [0.999909, 3.15255e-05, 3.15255e-05, 2.82045e-05], 
              [0.999909, 3.15255e-05, 3.15255e-05, 2.82045e-05], 
              [0.303457, 3.15255e-05, 0.696483, 2.82045e-05], 
              [2.82045e-05, 0.477871, 3.15255e-05, 0.522069]
            ]
          }, {
            "db": 0,
            "id": "ATGCAAAT",
            "alt": "DREME",
            "len": 8,
            "nsites": 34,
            "evalue": "4.3e-006",
            "pwm": [
              [0.99776, 0.0007739, 0.0007739, 0.000692375], 
              [0.000692375, 0.0007739, 0.0007739, 0.99776], 
              [0.000692375, 0.0007739, 0.997841, 0.000692375], 
              [0.000692375, 0.997841, 0.0007739, 0.000692375], 
              [0.99776, 0.0007739, 0.0007739, 0.000692375], 
              [0.99776, 0.0007739, 0.0007739, 0.000692375], 
              [0.99776, 0.0007739, 0.0007739, 0.000692375], 
              [0.000692375, 0.0007739, 0.0007739, 0.99776]
            ]
          }, {
            "db": 0,
            "id": "AYGCATG",
            "alt": "DREME",
            "len": 7,
            "nsites": 78,
            "evalue": "2.1e-004",
            "pwm": [
              [0.999022, 0.0003379, 0.0003379, 0.000302305], 
              [0.000302305, 0.307636, 0.0003379, 0.691724], 
              [0.000302305, 0.0003379, 0.999057, 0.000302305], 
              [0.000302305, 0.999057, 0.0003379, 0.000302305], 
              [0.999022, 0.0003379, 0.0003379, 0.000302305], 
              [0.000302305, 0.0003379, 0.0003379, 0.999022], 
              [0.000302305, 0.0003379, 0.999057, 0.000302305]
            ]
          }, {
            "db": 0,
            "id": "CCCANGAG",
            "alt": "DREME",
            "len": 8,
            "nsites": 434,
            "evalue": "9.4e-037",
            "pwm": [
              [5.43884e-05, 0.99983, 6.07924e-05, 5.43884e-05], 
              [5.43884e-05, 0.99983, 6.07924e-05, 5.43884e-05], 
              [5.43884e-05, 0.99983, 6.07924e-05, 5.43884e-05], 
              [0.999824, 6.07924e-05, 6.07924e-05, 5.43884e-05], 
              [0.331775, 0.0346148, 0.465392, 0.168219], 
              [5.43884e-05, 6.07924e-05, 0.99983, 5.43884e-05], 
              [0.999824, 6.07924e-05, 6.07924e-05, 5.43884e-05], 
              [5.43884e-05, 6.07924e-05, 0.99983, 5.43884e-05]
            ]
          }, {
            "db": 0,
            "id": "CCCCRCCC",
            "alt": "DREME",
            "len": 8,
            "nsites": 172,
            "evalue": "3.2e-009",
            "pwm": [
              [0.000137188, 0.999572, 0.000153341, 0.000137188], 
              [0.000137188, 0.999572, 0.000153341, 0.000137188], 
              [0.000137188, 0.999572, 0.000153341, 0.000137188], 
              [0.000137188, 0.999572, 0.000153341, 0.000137188], 
              [0.563762, 0.000153341, 0.435947, 0.000137188], 
              [0.000137188, 0.999572, 0.000153341, 0.000137188], 
              [0.000137188, 0.999572, 0.000153341, 0.000137188], 
              [0.000137188, 0.999572, 0.000153341, 0.000137188]
            ]
          }, {
            "db": 0,
            "id": "CCCRYGGG",
            "alt": "DREME",
            "len": 8,
            "nsites": 215,
            "evalue": "6.2e-030",
            "pwm": [
              [0.000109763, 0.999658, 0.000122687, 0.000109763], 
              [0.000109763, 0.999658, 0.000122687, 0.000109763], 
              [0.000109763, 0.999658, 0.000122687, 0.000109763], 
              [0.799738, 0.000122687, 0.20003, 0.000109763], 
              [0.000109763, 0.24187, 0.000122687, 0.757897], 
              [0.000109763, 0.000122687, 0.999658, 0.000109763], 
              [0.000109763, 0.000122687, 0.999658, 0.000109763], 
              [0.000109763, 0.000122687, 0.999658, 0.000109763]
            ]
          }, {
            "db": 0,
            "id": "CCCYDGRG",
            "alt": "DREME",
            "len": 8,
            "nsites": 2856,
            "evalue": "3.0e-549",
            "pwm": [
              [8.26652e-06, 0.999974, 9.23987e-06, 8.26652e-06], 
              [8.26652e-06, 0.999974, 9.23987e-06, 8.26652e-06], 
              [8.26652e-06, 0.999974, 9.23987e-06, 8.26652e-06], 
              [8.26652e-06, 0.55041, 9.23987e-06, 0.449573], 
              [0.36029, 9.23987e-06, 0.203433, 0.436268], 
              [8.26652e-06, 9.23987e-06, 0.999974, 8.26652e-06], 
              [0.323526, 9.23987e-06, 0.676457, 8.26652e-06], 
              [8.26652e-06, 9.23987e-06, 0.999974, 8.26652e-06]
            ]
          }, {
            "db": 0,
            "id": "CCYCGGGA",
            "alt": "DREME",
            "len": 8,
            "nsites": 116,
            "evalue": "2.1e-012",
            "pwm": [
              [0.000203359, 0.999366, 0.000227304, 0.000203359], 
              [0.000203359, 0.999366, 0.000227304, 0.000203359], 
              [0.000203359, 0.551476, 0.000227304, 0.448093], 
              [0.000203359, 0.999366, 0.000227304, 0.000203359], 
              [0.000203359, 0.000227304, 0.999366, 0.000203359], 
              [0.000203359, 0.000227304, 0.999366, 0.000203359], 
              [0.000203359, 0.000227304, 0.999366, 0.000203359], 
              [0.999342, 0.000227304, 0.000227304, 0.000203359]
            ]
          }, {
            "db": 0,
            "id": "CGGAAR",
            "alt": "DREME",
            "len": 6,
            "nsites": 248,
            "evalue": "3.6e-005",
            "pwm": [
              [9.51632e-05, 0.999703, 0.000106368, 9.51632e-05], 
              [9.51632e-05, 0.000106368, 0.999703, 9.51632e-05], 
              [9.51632e-05, 0.000106368, 0.999703, 9.51632e-05], 
              [0.999692, 0.000106368, 0.000106368, 9.51632e-05], 
              [0.999692, 0.000106368, 0.000106368, 9.51632e-05], 
              [0.28627, 0.000106368, 0.713529, 9.51632e-05]
            ]
          }, {
            "db": 0,
            "id": "CHGCAGC",
            "alt": "DREME",
            "len": 7,
            "nsites": 341,
            "evalue": "2.6e-003",
            "pwm": [
              [6.92172e-05, 0.999784, 7.73673e-05, 6.92172e-05], 
              [0.489662, 0.134935, 7.73673e-05, 0.375326], 
              [6.92172e-05, 7.73673e-05, 0.999784, 6.92172e-05], 
              [6.92172e-05, 0.999784, 7.73673e-05, 6.92172e-05], 
              [0.999776, 7.73673e-05, 7.73673e-05, 6.92172e-05], 
              [6.92172e-05, 7.73673e-05, 0.999784, 6.92172e-05], 
              [6.92172e-05, 0.999784, 7.73673e-05, 6.92172e-05]
            ]
          }, {
            "db": 0,
            "id": "GCAGSTGS",
            "alt": "DREME",
            "len": 8,
            "nsites": 251,
            "evalue": "1.1e-012",
            "pwm": [
              [9.40263e-05, 0.000105098, 0.999707, 9.40263e-05], 
              [9.40263e-05, 0.999707, 0.000105098, 9.40263e-05], 
              [0.999696, 0.000105098, 0.000105098, 9.40263e-05], 
              [9.40263e-05, 0.000105098, 0.999707, 9.40263e-05], 
              [9.40263e-05, 0.541722, 0.45809, 9.40263e-05], 
              [9.40263e-05, 0.000105098, 0.000105098, 0.999696], 
              [9.40263e-05, 0.000105098, 0.999707, 9.40263e-05], 
              [9.40263e-05, 0.418265, 0.581546, 9.40263e-05]
            ]
          }, {
            "db": 0,
            "id": "RAAAYA",
            "alt": "DREME",
            "len": 6,
            "nsites": 464,
            "evalue": "9.1e-009",
            "pwm": [
              [0.478396, 5.68627e-05, 0.521496, 5.08727e-05], 
              [0.999835, 5.68627e-05, 5.68627e-05, 5.08727e-05], 
              [0.999835, 5.68627e-05, 5.68627e-05, 5.08727e-05], 
              [0.999835, 5.68627e-05, 5.68627e-05, 5.08727e-05], 
              [5.08727e-05, 0.698182, 5.68627e-05, 0.30171], 
              [0.999835, 5.68627e-05, 5.68627e-05, 5.08727e-05]
            ]
          }, {
            "db": 0,
            "id": "RCCACR",
            "alt": "DREME",
            "len": 6,
            "nsites": 1191,
            "evalue": "2.0e-029",
            "pwm": [
              [0.529782, 2.2156e-05, 0.470176, 1.9822e-05], 
              [1.9822e-05, 0.999938, 2.2156e-05, 1.9822e-05], 
              [1.9822e-05, 0.999938, 2.2156e-05, 1.9822e-05], 
              [0.999936, 2.2156e-05, 2.2156e-05, 1.9822e-05], 
              [1.9822e-05, 0.999938, 2.2156e-05, 1.9822e-05], 
              [0.771575, 2.2156e-05, 0.228383, 1.9822e-05]
            ]
          }
        ],
        "targets": [
          {
            "db": 0,
            "id": "Ascl2_DBD",
            "len": 10,
            "nsites": 20,
            "url": "http://floresta.eead.csic.es/footprintdb/index.php?db=HumanTF:1.0&motif=Ascl2_DBD",
            "pwm": [
              [0.67112, 0.103077, 0.1794, 0.0464035], 
              [0.373582, 0.1206, 0.501735, 0.00408408], 
              [0.0109935, 0.983245, 0.00131294, 0.00444726], 
              [0.948817, 0.00131294, 0.00131294, 0.0485567], 
              [0.0211896, 0.0670761, 0.859093, 0.0526413], 
              [0.0109299, 0.976827, 0.00781642, 0.00442637], 
              [0.0142672, 0.00131294, 0.00131294, 0.983107], 
              [0.00117463, 0.00459652, 0.986486, 0.00774279], 
              [0.0197736, 0.639865, 0.0478095, 0.292553], 
              [0.0946303, 0.278931, 0.0782761, 0.548164]
            ]
          }, {
            "db": 0,
            "id": "EBF1_full",
            "len": 14,
            "nsites": 20,
            "url": "http://floresta.eead.csic.es/footprintdb/index.php?db=HumanTF:1.0&motif=EBF1_full",
            "pwm": [
              [0.71651, 0.0754244, 0.108291, 0.0997746], 
              [0.16669, 0.179065, 0.216418, 0.437826], 
              [0.0214811, 0.128641, 0.00131294, 0.848565], 
              [0.00117463, 0.993767, 0.00324129, 0.00181741], 
              [0.00307711, 0.980483, 0.00384925, 0.0125896], 
              [0.00117463, 0.992486, 0.00131294, 0.00502637], 
              [0.363119, 0.253128, 0.0418871, 0.341866], 
              [0.501909, 0.0509348, 0.135358, 0.311798], 
              [0.0144751, 0.00511294, 0.979236, 0.00117463], 
              [0.0653507, 0.00611095, 0.927364, 0.00117463], 
              [0.00497264, 0.00131294, 0.978614, 0.0151], 
              [0.921677, 0.0114483, 0.0513925, 0.0154831], 
              [0.39042, 0.378959, 0.0947577, 0.135864], 
              [0.162286, 0.235891, 0.0535129, 0.548309]
            ]
          }, {
            "db": 0,
            "id": "EHF_full",
            "len": 12,
            "nsites": 20,
            "url": "http://floresta.eead.csic.es/footprintdb/index.php?db=HumanTF:1.0&motif=EHF_full",
            "pwm": [
              [0.424726, 0.162097, 0.132697, 0.28048], 
              [0.823471, 0.0325507, 0.0316323, 0.112346], 
              [0.0977408, 0.692522, 0.126115, 0.0836224], 
              [0.0741667, 0.74875, 0.171238, 0.00584627], 
              [0.113005, 0.869012, 0.012092, 0.00589005], 
              [0.00253682, 0.00199353, 0.994295, 0.00117463], 
              [0.00117463, 0.00131294, 0.996338, 0.00117463], 
              [0.98886, 0.00550697, 0.00236169, 0.00327114], 
              [0.972484, 0.0116244, 0.0105925, 0.005299], 
              [0.126188, 0.0197159, 0.844673, 0.00942438], 
              [0.0291597, 0.0580602, 0.0238562, 0.888924], 
              [0.511296, 0.0870532, 0.239081, 0.162569]
            ]
          }, {
            "db": 0,
            "id": "ELF1_DBD",
            "len": 12,
            "nsites": 20,
            "url": "http://floresta.eead.csic.es/footprintdb/index.php?db=HumanTF:1.0&motif=ELF1_DBD",
            "pwm": [
              [0.584086, 0.0884025, 0.150127, 0.177384], 
              [0.760831, 0.0766841, 0.0365736, 0.125911], 
              [0.133859, 0.733092, 0.0652134, 0.0678353], 
              [0.0268224, 0.90343, 0.0685726, 0.00117463], 
              [0.0335697, 0.963943, 0.00131294, 0.00117463], 
              [0.00117463, 0.00131294, 0.996338, 0.00117463], 
              [0.00117463, 0.00131294, 0.996338, 0.00117463], 
              [0.99447, 0.00131294, 0.00304229, 0.00117463], 
              [0.979176, 0.00159652, 0.00131294, 0.0179139], 
              [0.135691, 0.00131294, 0.861572, 0.00142438], 
              [0.0101249, 0.0800204, 0.00131294, 0.908543], 
              [0.30205, 0.190732, 0.392277, 0.114941]
            ]
          }, {
            "db": 0,
            "id": "ELF1_full",
            "len": 12,
            "nsites": 20,
            "url": "http://floresta.eead.csic.es/footprintdb/index.php?db=HumanTF:1.0&motif=ELF1_full",
            "pwm": [
              [0.722758, 0.039291, 0.00890896, 0.229043], 
              [0.872786, 0.0475935, 0.0321667, 0.0474552], 
              [0.124589, 0.74951, 0.00131294, 0.124589], 
              [0.0391527, 0.874808, 0.0848642, 0.00117463], 
              [0.00117463, 0.932656, 0.0490741, 0.017095], 
              [0.0068602, 0.00131294, 0.990652, 0.00117463], 
              [0.00117463, 0.00131294, 0.968388, 0.0291249], 
              [0.987767, 0.00131294, 0.00131294, 0.00960746], 
              [0.933521, 0.00131294, 0.00914776, 0.0560184], 
              [0.0573905, 0.00131294, 0.940122, 0.00117463], 
              [0.0204333, 0.0334104, 0.0526692, 0.893487], 
              [0.330562, 0.0767975, 0.557155, 0.0354861]
            ]
          }, {
            "db": 0,
            "id": "ELF3_DBD",
            "len": 12,
            "nsites": 20,
            "url": "http://floresta.eead.csic.es/footprintdb/index.php?db=HumanTF:1.0&motif=ELF3_DBD",
            "pwm": [
              [0.435054, 0.119307, 0.114418, 0.33122], 
              [0.904655, 0.00523035, 0.0095597, 0.0805537], 
              [0.0519577, 0.825695, 0.0879517, 0.0343955], 
              [0.0579308, 0.855195, 0.0849537, 0.00192189], 
              [0.103378, 0.889896, 0.00539453, 0.00133184], 
              [0.00117463, 0.00163731, 0.996013, 0.00117463], 
              [0.00117463, 0.00212388, 0.995203, 0.001499], 
              [0.994462, 0.00174677, 0.00239851, 0.00139154], 
              [0.986799, 0.00131294, 0.00131294, 0.0105756], 
              [0.104928, 0.00862637, 0.885272, 0.00117463], 
              [0.0144025, 0.0406841, 0.00831592, 0.936598], 
              [0.580139, 0.0476303, 0.266843, 0.105389]
            ]
          }, {
            "db": 0,
            "id": "ELF3_full",
            "len": 13,
            "nsites": 20,
            "url": "http://floresta.eead.csic.es/footprintdb/index.php?db=HumanTF:1.0&motif=ELF3_full",
            "pwm": [
              [0.463909, 0.120657, 0.106746, 0.308688], 
              [0.916856, 0.0102184, 0.00455174, 0.0683736], 
              [0.0416134, 0.779335, 0.16022, 0.0188313], 
              [0.0907796, 0.814786, 0.0932602, 0.00117463], 
              [0.0840403, 0.911546, 0.0032403, 0.00117463], 
              [0.0025796, 0.00131294, 0.994933, 0.00117463], 
              [0.00117463, 0.00409602, 0.990307, 0.00442139], 
              [0.994536, 0.00214478, 0.00214478, 0.00117463], 
              [0.983925, 0.00213085, 0.00131294, 0.0126303], 
              [0.0607786, 0.00131294, 0.931841, 0.00606716], 
              [0.015701, 0.0243119, 0.00797065, 0.952016], 
              [0.57879, 0.0401129, 0.267905, 0.113194], 
              [0.485765, 0.110435, 0.258325, 0.145475]
            ]
          }, {
            "db": 0,
            "id": "ELF4_full",
            "len": 12,
            "nsites": 20,
            "url": "http://floresta.eead.csic.es/footprintdb/index.php?db=HumanTF:1.0&motif=ELF4_full",
            "pwm": [
              [0.563049, 0.103728, 0.151647, 0.181576], 
              [0.745859, 0.0784224, 0.0171577, 0.158562], 
              [0.151683, 0.708244, 0.0583239, 0.0817498], 
              [0.0163726, 0.886376, 0.0951836, 0.00206816], 
              [0.0520085, 0.939856, 0.0069607, 0.00117463], 
              [0.00198557, 0.00131294, 0.995527, 0.00117463], 
              [0.00117463, 0.00131294, 0.994717, 0.00279552], 
              [0.990842, 0.00131294, 0.00399154, 0.00385323], 
              [0.981567, 0.00796368, 0.00397363, 0.00649602], 
              [0.0347587, 0.0153716, 0.944009, 0.00586119], 
              [0.00490498, 0.0535358, 0.0274244, 0.914136], 
              [0.37876, 0.0790781, 0.435114, 0.107048]
            ]
          }, {
            "db": 0,
            "id": "ELF5_DBD",
            "len": 11,
            "nsites": 20,
            "url": "http://floresta.eead.csic.es/footprintdb/index.php?db=HumanTF:1.0&motif=ELF5_DBD",
            "pwm": [
              [0.689929, 0.0397736, 0.0640771, 0.20622], 
              [0.209443, 0.456394, 0.177607, 0.156556], 
              [0.202464, 0.497889, 0.28368, 0.0159667], 
              [0.339423, 0.610289, 0.0411826, 0.00910597], 
              [0.00117463, 0.00131294, 0.99028, 0.00723234], 
              [0.00117463, 0.00131294, 0.991112, 0.0064005], 
              [0.9962, 0.00131294, 0.00131294, 0.00117463], 
              [0.92992, 0.00214179, 0.00131294, 0.0666264], 
              [0.167746, 0.0281866, 0.797565, 0.00650299], 
              [0.0802831, 0.149698, 0.0564144, 0.713605], 
              [0.3476, 0.135882, 0.295911, 0.220607]
            ]
          }, {
            "db": 0,
            "id": "ELF5_full",
            "len": 11,
            "nsites": 20,
            "url": "http://floresta.eead.csic.es/footprintdb/index.php?db=HumanTF:1.0&motif=ELF5_full",
            "pwm": [
              [0.640192, 0.0679657, 0.0809259, 0.210918], 
              [0.228689, 0.429509, 0.179262, 0.16254], 
              [0.205649, 0.509494, 0.263587, 0.0212701], 
              [0.334602, 0.579438, 0.0719776, 0.0139816], 
              [0.00207114, 0.00131294, 0.989465, 0.00715075], 
              [0.00266219, 0.00131294, 0.987413, 0.00861144], 
              [0.990336, 0.00534478, 0.0016791, 0.0026403], 
              [0.893056, 0.0218741, 0.00131294, 0.0837567], 
              [0.223345, 0.0400055, 0.714506, 0.0221438], 
              [0.120578, 0.180543, 0.0794134, 0.619467], 
              [0.347537, 0.135307, 0.276525, 0.24063]
            ]
          }, {
            "db": 0,
            "id": "ELK1_DBD_1",
            "len": 10,
            "nsites": 20,
            "url": "http://floresta.eead.csic.es/footprintdb/index.php?db=HumanTF:1.0&motif=ELK1_DBD_1",
            "pwm": [
              [0.594843, 0.0802891, 0.176895, 0.147973], 
              [0.104935, 0.769043, 0.0929756, 0.0330473], 
              [0.05211, 0.942977, 0.00373881, 0.00117463], 
              [0.00117463, 0.00251791, 0.995133, 0.00117463], 
              [0.00117463, 0.00131294, 0.993332, 0.0041806], 
              [0.988718, 0.00325821, 0.00131294, 0.00671095], 
              [0.867669, 0.015098, 0.00196965, 0.115263], 
              [0.149582, 0.0699517, 0.766539, 0.0139289], 
              [0.0569786, 0.175999, 0.0493, 0.717723], 
              [0.320487, 0.154185, 0.306303, 0.219024]
            ]
          }, {
            "db": 0,
            "id": "ELK1_DBD_2",
            "len": 10,
            "nsites": 20,
            "url": "http://floresta.eead.csic.es/footprintdb/index.php?db=HumanTF:1.0&motif=ELK1_DBD_2",
            "pwm": [
              [0.679092, 0.0420114, 0.193099, 0.0857975], 
              [0.0260204, 0.936499, 0.0314871, 0.00599254], 
              [0.008899, 0.986892, 0.00258259, 0.00162637], 
              [0.00117463, 0.00176866, 0.995318, 0.00173881], 
              [0.0012602, 0.00218856, 0.980141, 0.0164104], 
              [0.989297, 0.00633881, 0.00265025, 0.00171393], 
              [0.943574, 0.00816368, 0.00254776, 0.0457159], 
              [0.0594711, 0.0469488, 0.886722, 0.00685721], 
              [0.0180045, 0.117232, 0.0219468, 0.842816], 
              [0.289514, 0.146264, 0.376519, 0.187702]
            ]
          }, {
            "db": 0,
            "id": "ELK1_full_1",
            "len": 10,
            "nsites": 20,
            "url": "http://floresta.eead.csic.es/footprintdb/index.php?db=HumanTF:1.0&motif=ELK1_full_1",
            "pwm": [
              [0.765634, 0.0396403, 0.119141, 0.0755846], 
              [0.049691, 0.902128, 0.035892, 0.0122891], 
              [0.0212015, 0.975167, 0.00245721, 0.00117463], 
              [0.00117463, 0.00131294, 0.995948, 0.00156468], 
              [0.00387811, 0.00189204, 0.987453, 0.00677562], 
              [0.994448, 0.00267512, 0.00170199, 0.00117463], 
              [0.9422, 0.008501, 0.00241841, 0.0468801], 
              [0.112712, 0.0323975, 0.850059, 0.00483134], 
              [0.0323995, 0.118167, 0.0264224, 0.823011], 
              [0.342594, 0.125447, 0.332013, 0.199946]
            ]
          }, {
            "db": 0,
            "id": "ELK1_full_2",
            "len": 17,
            "nsites": 20,
            "url": "http://floresta.eead.csic.es/footprintdb/index.php?db=HumanTF:1.0&motif=ELK1_full_2",
            "pwm": [
              [0.188189, 0.360215, 0.207028, 0.244568], 
              [0.874582, 0.0316353, 0.0833806, 0.0104035], 
              [0.00234975, 0.895236, 0.0546851, 0.0477279], 
              [0.0624264, 0.00131294, 0.00596468, 0.930295], 
              [0.00144627, 0.00267313, 0.00131294, 0.994567], 
              [0.00142338, 0.995345, 0.00131294, 0.0019199], 
              [0.00117463, 0.995833, 0.00131294, 0.0016791], 
              [0.00306816, 0.00581144, 0.984264, 0.00685622], 
              [0.0021408, 0.480113, 0.515606, 0.0021408], 
              [0.00842537, 0.968971, 0.00435373, 0.0182493], 
              [0.00475274, 0.00656169, 0.985126, 0.0035607], 
              [0.00305423, 0.00648209, 0.987175, 0.00328905], 
              [0.97561, 0.00705124, 0.0134642, 0.00387512], 
              [0.894154, 0.0132443, 0.00665025, 0.0859507], 
              [0.219958, 0.113147, 0.656442, 0.0104532], 
              [0.0609418, 0.3746, 0.0694433, 0.495015], 
              [0.237859, 0.17799, 0.394857, 0.189294]
            ]
          }, {
            "db": 0,
            "id": "ELK3_DBD",
            "len": 10,
            "nsites": 20,
            "url": "http://floresta.eead.csic.es/footprintdb/index.php?db=HumanTF:1.0&motif=ELK3_DBD",
            "pwm": [
              [0.602762, 0.0803766, 0.193057, 0.123804], 
              [0.0965637, 0.794567, 0.0803905, 0.0284791], 
              [0.0513647, 0.936946, 0.00716866, 0.0045209], 
              [0.0016194, 0.00131294, 0.995893, 0.00117463], 
              [0.00203234, 0.00302736, 0.960327, 0.0346134], 
              [0.991331, 0.00441144, 0.00264129, 0.00161741], 
              [0.846549, 0.0175627, 0.00131294, 0.134576], 
              [0.164283, 0.0815567, 0.73399, 0.0201716], 
              [0.0505498, 0.160556, 0.0562473, 0.732647], 
              [0.347231, 0.142761, 0.289991, 0.220017]
            ]
          }, {
            "db": 0,
            "id": "ELK4_DBD",
            "len": 10,
            "nsites": 20,
            "url": "http://floresta.eead.csic.es/footprintdb/index.php?db=HumanTF:1.0&motif=ELK4_DBD",
            "pwm": [
              [0.668847, 0.0568224, 0.166046, 0.108284], 
              [0.074903, 0.843141, 0.0666333, 0.0153229], 
              [0.0613975, 0.933418, 0.00400945, 0.00117463], 
              [0.00117463, 0.00230597, 0.995345, 0.00117463], 
              [0.00117463, 0.00131294, 0.982416, 0.015096], 
              [0.993057, 0.00373881, 0.00131294, 0.00189204], 
              [0.816813, 0.0153299, 0.00215572, 0.165701], 
              [0.326412, 0.0310065, 0.636215, 0.00636567], 
              [0.0365915, 0.302889, 0.0457537, 0.614766], 
              [0.271289, 0.201243, 0.362277, 0.165191]
            ]
          }, {
            "db": 0,
            "id": "ERF_DBD",
            "len": 10,
            "nsites": 20,
            "url": "http://floresta.eead.csic.es/footprintdb/index.php?db=HumanTF:1.0&motif=ERF_DBD",
            "pwm": [
              [0.833747, 0.0175587, 0.135337, 0.0133587], 
              [0.0285965, 0.804385, 0.0326522, 0.134367], 
              [0.10658, 0.865635, 0.0266104, 0.00117463], 
              [0.00117463, 0.00131294, 0.996338, 0.00117463], 
              [0.00117463, 0.0156642, 0.981987, 0.00117463], 
              [0.958827, 0.0153279, 0.0153279, 0.0105179], 
              [0.869175, 0.00131294, 0.00131294, 0.1282], 
              [0.26957, 0.0569557, 0.6723, 0.00117463], 
              [0.00117463, 0.160052, 0.043902, 0.794871], 
              [0.303585, 0.137885, 0.450049, 0.108481]
            ]
          }, {
            "db": 0,
            "id": "ERG_DBD_1",
            "len": 10,
            "nsites": 20,
            "url": "http://floresta.eead.csic.es/footprintdb/index.php?db=HumanTF:1.0&motif=ERG_DBD_1",
            "pwm": [
              [0.68851, 0.0416562, 0.128965, 0.140869], 
              [0.113805, 0.797402, 0.070705, 0.0180871], 
              [0.122008, 0.870176, 0.005499, 0.00231592], 
              [0.00139254, 0.00131294, 0.99612, 0.00117463], 
              [0.00117463, 0.00152985, 0.989843, 0.00745323], 
              [0.99035, 0.00564527, 0.00131294, 0.00269104], 
              [0.766423, 0.0212572, 0.00248607, 0.209833], 
              [0.42301, 0.0225109, 0.547369, 0.00710995], 
              [0.021692, 0.238837, 0.0544791, 0.684993], 
              [0.220402, 0.241025, 0.364804, 0.173768]
            ]
          }, {
            "db": 0,
            "id": "ERG_full_1",
            "len": 10,
            "nsites": 20,
            "url": "http://floresta.eead.csic.es/footprintdb/index.php?db=HumanTF:1.0&motif=ERG_full_1",
            "pwm": [
              [0.719218, 0.04109, 0.128543, 0.111148], 
              [0.0853378, 0.834459, 0.071901, 0.008301], 
              [0.0931358, 0.904377, 0.00131294, 0.00117463], 
              [0.00117463, 0.00131294, 0.994315, 0.00319751], 
              [0.00117463, 0.00131294, 0.991097, 0.00641542], 
              [0.988558, 0.0025199, 0.00292189, 0.0060005], 
              [0.835175, 0.00742736, 0.00131294, 0.156085], 
              [0.370823, 0.0152542, 0.609561, 0.00436169], 
              [0.0211955, 0.259395, 0.0449209, 0.674489], 
              [0.241116, 0.198291, 0.40135, 0.159243]
            ]
          }, {
            "db": 0,
            "id": "ETS1_DBD_1",
            "len": 10,
            "nsites": 20,
            "url": "http://floresta.eead.csic.es/footprintdb/index.php?db=HumanTF:1.0&motif=ETS1_DBD_1",
            "pwm": [
              [0.708555, 0.0566801, 0.17005, 0.0647149], 
              [0.0574612, 0.840298, 0.0941866, 0.00805423], 
              [0.136933, 0.858344, 0.00354876, 0.00117463], 
              [0.00117463, 0.0090403, 0.98861, 0.00117463], 
              [0.00117463, 0.00131294, 0.991907, 0.00560547], 
              [0.9962, 0.00131294, 0.00131294, 0.00117463], 
              [0.73621, 0.00377861, 0.00980547, 0.250204], 
              [0.405048, 0.00900945, 0.58037, 0.00557264], 
              [0.0317647, 0.24603, 0.0439318, 0.678273], 
              [0.298978, 0.150029, 0.402958, 0.148036]
            ]
          }, {
            "db": 0,
            "id": "ETS1_full_1",
            "len": 10,
            "nsites": 20,
            "url": "http://floresta.eead.csic.es/footprintdb/index.php?db=HumanTF:1.0&motif=ETS1_full_1",
            "pwm": [
              [0.653078, 0.0920672, 0.144666, 0.110189], 
              [0.0791955, 0.838198, 0.0740851, 0.00852189], 
              [0.11611, 0.86586, 0.0168542, 0.00117463], 
              [0.00117463, 0.00131294, 0.996338, 0.00117463], 
              [0.00117463, 0.00421244, 0.992196, 0.00241741], 
              [0.990821, 0.00338159, 0.00462239, 0.00117463], 
              [0.678301, 0.0392453, 0.00329403, 0.279159], 
              [0.461033, 0.0349607, 0.499626, 0.0043796], 
              [0.0454662, 0.360606, 0.0387318, 0.555197], 
              [0.28957, 0.211471, 0.341311, 0.157648]
            ]
          }, {
            "db": 0,
            "id": "ETS1_full_2",
            "len": 18,
            "nsites": 20,
            "url": "http://floresta.eead.csic.es/footprintdb/index.php?db=HumanTF:1.0&motif=ETS1_full_2",
            "pwm": [
              [0.0609299, 0.034907, 0.878314, 0.0258493], 
              [0.0398403, 0.936626, 0.0218692, 0.00166418], 
              [0.132178, 0.863834, 0.00281343, 0.00117463], 
              [0.00287214, 0.00131294, 0.99464, 0.00117463], 
              [0.00146318, 0.00131294, 0.996049, 0.00117463], 
              [0.981172, 0.00131294, 0.00677761, 0.0107378], 
              [0.420356, 0.00477761, 0.00169801, 0.57317], 
              [0.13629, 0.0019398, 0.854326, 0.00744428], 
              [0.00462239, 0.208179, 0.108194, 0.679005], 
              [0.608837, 0.265674, 0.123855, 0.00163333], 
              [0.00220746, 0.925043, 0.00286318, 0.0698861], 
              [0.133434, 0.00276269, 0.00131294, 0.862491], 
              [0.00364527, 0.00166617, 0.00131294, 0.993376], 
              [0.00224826, 0.995264, 0.00131294, 0.00117463], 
              [0.00171194, 0.993651, 0.00238756, 0.00224925], 
              [0.00782537, 0.0220652, 0.901358, 0.0687507], 
              [0.0179965, 0.155515, 0.682326, 0.144162], 
              [0.192348, 0.326391, 0.133534, 0.347728]
            ]
          }, {
            "db": 0,
            "id": "ETV1_DBD",
            "len": 10,
            "nsites": 20,
            "url": "http://floresta.eead.csic.es/footprintdb/index.php?db=HumanTF:1.0&motif=ETV1_DBD",
            "pwm": [
              [0.613355, 0.0644731, 0.178972, 0.1432], 
              [0.0909726, 0.751358, 0.116975, 0.040694], 
              [0.0723199, 0.912623, 0.00935771, 0.0057], 
              [0.00117463, 0.00131294, 0.996338, 0.00117463], 
              [0.00117463, 0.00131294, 0.977487, 0.0200254], 
              [0.973927, 0.0104363, 0.0034592, 0.0121766], 
              [0.680581, 0.0374851, 0.00787313, 0.274061], 
              [0.252302, 0.0809448, 0.655094, 0.0116592], 
              [0.0673517, 0.248533, 0.0731627, 0.610953], 
              [0.366246, 0.148165, 0.298586, 0.187004]
            ]
          }, {
            "db": 0,
            "id": "ETV3_DBD",
            "len": 10,
            "nsites": 20,
            "url": "http://floresta.eead.csic.es/footprintdb/index.php?db=HumanTF:1.0&motif=ETV3_DBD",
            "pwm": [
              [0.704893, 0.0896871, 0.125691, 0.0797289], 
              [0.0656005, 0.770846, 0.0514224, 0.112131], 
              [0.0389607, 0.903973, 0.00131294, 0.0557537], 
              [0.00117463, 0.00131294, 0.935507, 0.0620055], 
              [0.00117463, 0.00131294, 0.927418, 0.070094], 
              [0.9436, 0.0363796, 0.00131294, 0.018708], 
              [0.749183, 0.00131294, 0.00131294, 0.248192], 
              [0.20226, 0.0498502, 0.746715, 0.00117463], 
              [0.00117463, 0.12667, 0.0287348, 0.84342], 
              [0.240718, 0.190184, 0.45276, 0.11634]
            ]
          }, {
            "db": 0,
            "id": "ETV4_DBD",
            "len": 10,
            "nsites": 20,
            "url": "http://floresta.eead.csic.es/footprintdb/index.php?db=HumanTF:1.0&motif=ETV4_DBD",
            "pwm": [
              [0.566285, 0.0749159, 0.193481, 0.165318], 
              [0.130509, 0.707646, 0.131416, 0.0304284], 
              [0.0924303, 0.896787, 0.00765721, 0.00312687], 
              [0.00117463, 0.00616965, 0.991481, 0.00117463], 
              [0.00117463, 0.00131294, 0.987204, 0.010308], 
              [0.989735, 0.00131294, 0.00508408, 0.00386816], 
              [0.669257, 0.0231577, 0.00641045, 0.301175], 
              [0.272328, 0.0768801, 0.62876, 0.0220323], 
              [0.0671746, 0.221089, 0.0957896, 0.615946], 
